%YAML:1.0
left_camMatrix: !!opencv-matrix
   rows: 3
   cols: 3
   dt: d
   data: [ 6.9091321284120397e+002, 0., 6.3888038233868917e+002, 0.,
       6.9032445048342606e+002, 5.0780045110165406e+002, 0., 0., 1. ]
left_distCoeffs: !!opencv-matrix
   rows: 1
   cols: 14
   dt: d
   data: [ 2.7929767454443275e+000, -7.1402267699946087e+000,
       1.1206939722284855e-003, -5.1309888480847487e-005,
       7.6725985705137436e+000, 2.8803220952323358e+000,
       -7.3307727981067865e+000, 7.7778217123476834e+000, 0., 0., 0., 0.,
       0., 0. ]
right_camMatrix: !!opencv-matrix
   rows: 3
   cols: 3
   dt: d
   data: [ 6.8596976502858331e+002, 0., 6.3465848287965025e+002, 0.,
       6.8551610019721522e+002, 4.8888146713595893e+002, 0., 0., 1. ]
right_distCoeffs: !!opencv-matrix
   rows: 1
   cols: 14
   dt: d
   data: [ 5.9490257222910981e-001, 1.9172477689334475e+000,
       -4.8340660730697036e-004, -2.5249371255432252e-005,
       -9.4695183136392413e-001, 6.6808990009835290e-001,
       1.7800771218975928e+000, -8.8810459914340700e-001, 0., 0., 0., 0.,
       0., 0. ]
r1: !!opencv-matrix
   rows: 3
   cols: 3
   dt: d
   data: [ 9.9999812480846639e-001, 1.5867519568641289e-003,
       -1.1102242017969584e-003, -1.5902790471624298e-003,
       9.9999366885135588e-001, -3.1832797170701162e-003,
       1.1051660974822118e-003, 3.1850393140967245e-003,
       9.9999431705008435e-001 ]
r2: !!opencv-matrix
   rows: 3
   cols: 3
   dt: d
   data: [ 9.9995340112408082e-001, -3.7520042108832551e-003,
       -8.8948324764732412e-003, 3.7803080985312288e-003,
       9.9998783839717642e-001, 3.1673851080943438e-003,
       8.8828402587904295e-003, -3.2008627187545811e-003,
       9.9995542381987834e-001 ]
p1: !!opencv-matrix
   rows: 3
   cols: 4
   dt: d
   data: [ 6.8551610019721522e+002, 0., 6.4017648315429687e+002, 0., 0.,
       6.8551610019721522e+002, 4.9871858215332031e+002, 0., 0., 0., 1.,
       0. ]
p2: !!opencv-matrix
   rows: 3
   cols: 4
   dt: d
   data: [ 6.8551610019721522e+002, 0., 6.4596180725097656e+002,
       -2.2689490496550196e+004, 0., 6.8551610019721522e+002,
       4.9871858215332031e+002, 0., 0., 0., 1., 0. ]
q: !!opencv-matrix
   rows: 4
   cols: 4
   dt: d
   data: [ 1., 0., 0., -6.4017648315429687e+002, 0., 1., 0.,
       -4.9871858215332031e+002, 0., 0., 0., 6.8551610019721522e+002, 0.,
       0., 3.0212934940140851e-002, 1.7479162054061254e-001 ]
