%YAML:1.0
camMatrix: !!opencv-matrix
   rows: 3
   cols: 3
   dt: d
   data: [ 6.8381973115507162e+002, 0., 6.2222492945686258e+002, 0.,
       6.7953833381738548e+002, 5.2917729077548483e+002, 0., 0., 1. ]
distCoeffs: !!opencv-matrix
   rows: 1
   cols: 14
   dt: d
   data: [ -1.2021034805387953e+000, 4.1573912840901919e+000,
       4.9693587202960505e-005, 3.6889570224226229e-003,
       1.5215696549220568e+000, -1.1594157134657377e+000,
       4.1008303258275918e+000, 1.5167968022089227e+000, 0., 0., 0., 0.,
       0., 0. ]
