%YAML:1.0
camMatrix: !!opencv-matrix
   rows: 3
   cols: 3
   dt: d
   data: [ 7.2757138441784548e+002, 0., 6.4863925669714138e+002, 0.,
       7.2382410757502078e+002, 5.1381705736537083e+002, 0., 0., 1. ]
distCoeffs: !!opencv-matrix
   rows: 1
   cols: 14
   dt: d
   data: [ -1.2333765242523990e+001, 9.0857486806403202e+001,
       6.9940340906647714e-003, 9.2159117534320167e-003,
       -4.5260577370562906e+001, -1.2410768117531051e+001,
       9.1860957981283789e+001, -4.9633452208056987e+001, 0., 0., 0., 0.,
       0., 0. ]
