%YAML:1.0
camMatrix: !!opencv-matrix
   rows: 3
   cols: 3
   dt: d
   data: [ 6.9091321284120397e+02, 0., 6.3888038233868917e+02, 0.,
       6.9032445048342606e+02, 5.0780045110165406e+02, 0., 0., 1. ]
distCoeffs: !!opencv-matrix
   rows: 1
   cols: 14
   dt: d
   data: [ 2.7929767454443275e+00, -7.1402267699946087e+00,
       1.1206939722284855e-03, -5.1309888480847487e-05,
       7.6725985705137436e+00, 2.8803220952323358e+00,
       -7.3307727981067865e+00, 7.7778217123476834e+00, 0., 0., 0., 0.,
       0., 0. ]
