%YAML:1.0
camMatrix: !!opencv-matrix
   rows: 3
   cols: 3
   dt: d
   data: [ 6.8596976502858331e+02, 0., 6.3465848287965025e+02, 0.,
       6.8551610019721522e+02, 4.8888146713595893e+02, 0., 0., 1. ]
distCoeffs: !!opencv-matrix
   rows: 1
   cols: 14
   dt: d
   data: [ 5.9490257222910981e-01, 1.9172477689334475e+00,
       -4.8340660730697036e-04, -2.5249371255432252e-05,
       -9.4695183136392413e-01, 6.6808990009835290e-01,
       1.7800771218975928e+00, -8.8810459914340700e-01, 0., 0., 0., 0.,
       0., 0. ]